name: quast
channels:
  - defaults
  - bioconda
  - conda-forge
  - r
dependencies:
  - backports=1.1=pyhd3eb1b0_1
  - backports.functools_lru_cache=1.6.4=pyhd3eb1b0_0
  - backports_abc=0.5=py_1
  - blas=1.0=openblas
  - blast=2.12.0=pl5262h78c34c6_0
  - bzip2=1.0.8=h6c40b1e_6
  - c-ares=1.19.1=h6c40b1e_0
  - ca-certificates=2025.7.15=hecd8cb5_0
  - certifi=2020.6.20=pyhd3eb1b0_3
  - curl=7.88.1=h04015c4_2
  - cycler=0.10.0=py27hfc73c78_0
  - entrez-direct=24.0=h193322a_0
  - freetype=2.13.3=h02243ff_0
  - functools32=3.2.3.2=py27_1
  - futures=3.3.0=py27_0
  - gettext=0.21.0=h4e8c18a_2
  - glimmerhmm=3.0.4=pl526h0a44026_3
  - icu=73.1=hcec6c5f_0
  - joblib=0.14.1=py_0
  - kiwisolver=1.1.0=py27h0a44026_0
  - krb5=1.20.1=h428f121_1
  - libcurl=7.88.1=hf20ceda_2
  - libcxx=19.1.7=haebbb44_3
  - libedit=3.1.20230828=h6c40b1e_0
  - libev=4.33=h9ed2024_1
  - libffi=3.4.4=hecd8cb5_1
  - libgfortran=3.0.1=h93005f0_2
  - libiconv=1.16=h6c40b1e_3
  - libidn2=2.3.4=h6c40b1e_0
  - libnghttp2=1.57.0=h9beae6a_0
  - libopenblas=0.3.20=h9a5756b_0
  - libpng=1.6.39=h6c40b1e_0
  - libssh2=1.11.1=h3a17b82_0
  - libunistring=0.9.10=h9ed2024_0
  - libxml2=2.13.8=h6070cd6_0
  - llvm-openmp=19.1.7=h5048363_2
  - matplotlib=2.2.3=py27h54f8f79_0
  - ncurses=6.5=h923df54_0
  - numpy=1.16.6=py27h2977cdd_0
  - numpy-base=1.16.6=py27ha711998_0
  - openjdk=21.0.6=h2761308_0
  - openssl=3.0.17=hee2dfae_0
  - pcre=8.45=h23ab428_0
  - pcre2=10.42=h9b97e30_1
  - perl=5.26.2=h4e221da_0
  - perl-archive-tar=2.32=pl526_0
  - perl-carp=1.38=pl526_3
  - perl-common-sense=3.74=pl526_2
  - perl-compress-raw-bzip2=2.087=pl526h6de7cb9_0
  - perl-compress-raw-zlib=2.087=pl526h770b8ee_0
  - perl-exporter=5.72=pl526_1
  - perl-exporter-tiny=1.002001=pl526_0
  - perl-extutils-makemaker=7.36=pl526_1
  - perl-io-compress=2.087=pl526h6de7cb9_0
  - perl-io-zlib=1.10=pl526_2
  - perl-json=4.02=pl526_0
  - perl-json-xs=2.34=pl526h04f5b5a_3
  - perl-list-moreutils=0.428=pl526_1
  - perl-list-moreutils-xs=0.428=pl526_0
  - perl-pathtools=3.75=pl526h1de35cc_1
  - perl-scalar-list-utils=1.52=pl526h01d97ff_0
  - perl-types-serialiser=1.0=pl526_2
  - perl-xsloader=0.24=pl526_0
  - pip=19.3.1=py27_0
  - pyparsing=2.4.7=pyhd3eb1b0_0
  - python=2.7.18=h441ce09_3
  - python-dateutil=2.8.2=pyhd3eb1b0_0
  - pytz=2021.3=pyhd3eb1b0_0
  - quast=5.0.0=py27pl526ha92aebf_0
  - readline=8.3=h49f2429_0
  - setuptools=44.0.0=py27_0
  - simplejson=3.17.0=py27h1de35cc_0
  - singledispatch=3.7.0=pyhd3eb1b0_1001
  - six=1.16.0=pyhd3eb1b0_1
  - sqlite=3.50.2=hc8b0dd6_1
  - subprocess32=3.5.4=py27h1de35cc_0
  - tk=8.6.15=h3a5a201_0
  - tornado=5.1.1=py27h1de35cc_0
  - wget=1.25.0=h3a17b82_0
  - wheel=0.37.1=pyhd3eb1b0_0
  - xz=5.6.4=h46256e1_1
  - zlib=1.2.13=h4b97444_1
